camera_matrix:
- - 932.4254902053303
  - 0.0
  - 622.9509228723674
- - 0.0
  - 934.7163314490052
  - 348.1538398846606
- - 0.0
  - 0.0
  - 1.0
dist_coefs:
- - 0.0860773585074522
  - -0.26537790778052694
  - -0.002679908027909672
  - 0.0035143580063354257
  - 0.36066835872438047
rms: 0.5672803178980768
