camera_matrix:
- - 936.5776730260416
  - 0.0
  - 666.1904564898292
- - 0.0
  - 932.5117294429236
  - 361.08146279810734
- - 0.0
  - 0.0
  - 1.0
dist_coefs:
- - 0.018258615000790474
  - -0.11649386215078217
  - -0.006062934725991856
  - 0.007216984483557308
  - 0.21592132458861146
rms: 0.48961316503198304
