camera_matrix:
- - 929.7143668404705
  - 0.0
  - 616.4179214005839
- - 0.0
  - 932.7493634244219
  - 335.4107412307333
- - 0.0
  - 0.0
  - 1.0
dist_coefs:
- - 0.08649823965036953
  - -0.26398846031603496
  - -0.006747793150957697
  - 0.001201763426049178
  - 0.3711421838552051
rms: 0.5739041453580752
